-0.4500160148431731 1.3027464891994507
1.848089255039644 1.283656647383049
1.1092509132018225 2.3558624346707613
1.3244337793081262 1.0205758514573713
-1.1194131087497672 1.2782130304999573
0.9037227670837522 1.4688554727217868
1.7818610779073443 0.8600971608832882
0.9829618460606673 1.1575802932166175
0.9467502250583424 1.4289618599669178
0.3280027425453098 0.39945871573678804
1.8300047980987135 1.8353677158293762
1.8699931033707622 0.7660476439886152
2.11138343479332 0.09478324236934565
1.0209511565439278 -0.16271510361193076
1.8243552211167382 1.2260505869879894
1.9811423804638326 0.8553759554281459
1.4521287328353623 1.9065780871052755
1.8166486515089142 0.9302309327428229
-0.6097943095566802 0.8653183891897612
1.944839307685135 0.3640208103869994
-1.0404672057322177 -1.6243968562980982
-2.325840599157789 -2.1527762292313666
-1.8223159287477118 -1.824393102451682
-0.8762576639722781 0.3965321162447837
-1.5289552797810964 -1.5978110073890937
-2.0613479428581383 -1.2597574931015458
-0.10825609955008897 -0.9894524501622106
-0.22213353183439255 -0.6832764709899898
-0.7053915948087084 -2.634689750445268
-1.081244998341672 -0.6725079056840583
-1.0647445068394361 -0.4376298342242284
-1.0694447788248669 -1.432321108362804
-0.14055867038807235 -1.9567728382366014
-1.8483093694184176 -1.6532469410299506
0.2528245628503669 -1.4377870640853305
-0.42262206473072705 -2.133773777299825
-1.0449369058714464 -1.644006018018724
-2.3424896762265544 -1.6310080526854769
-2.028818555282764 -0.39685779303115887
-1.336360322322551 -0.2108447015817707
